[[[ 0.00000000e+00  7.07106781e-01  1.00000000e+00]
  [ 1.57214043e-01  8.09480708e-01  9.87564552e-01]
  [ 3.10518032e-01  8.91722124e-01  9.50567489e-01]
  ...
  [-3.10518032e-01  4.52583312e-01  9.50567489e-01]
  [-1.57214043e-01  5.87146476e-01  9.87564552e-01]
  [-1.22464680e-15  7.07106781e-01  1.00000000e+00]]

 [[ 0.00000000e+00  7.07106781e-01  1.00000000e+00]
  [ 1.57214043e-01  8.09480708e-01  9.87564552e-01]
  [ 3.10518032e-01  8.91722124e-01  9.50567489e-01]
  ...
  [-3.10518032e-01  4.52583312e-01  9.50567489e-01]
  [-1.57214043e-01  5.87146476e-01  9.87564552e-01]
  [-1.22464680e-15  7.07106781e-01  1.00000000e+00]]

 [[ 0.00000000e+00  7.07106781e-01  1.00000000e+00]
  [ 1.57214043e-01  8.09480708e-01  9.87564552e-01]
  [ 3.10518032e-01  8.91722124e-01  9.50567489e-01]
  ...
  [-3.10518032e-01  4.52583312e-01  9.50567489e-01]
  [-1.57214043e-01  5.87146476e-01  9.87564552e-01]
  [-1.22464680e-15  7.07106781e-01  1.00000000e+00]]]